X,Y,Tangent X,Tangent Y,Fixed Theta,Name
59.483243168014006,50.77112177066943,120.0,0.0,true,
192.8591812995278,57.790907988117524,105.29679326172146,-7.019786217448093,true,
330.91497690934034,60.13083672726689,83.06747023980245,-7.019786217448093,true,
456.10116445383136,53.111050509818796,85.40739897895168,-7.019786217448107,true,
569.5877083025756,98.73966092323141,46.798574782987316,70.19786217448095,true,
584.7972451070465,167.76755872813766,4.6798574782985725,56.1582897395848,true,
536.8287059544846,277.74420946815786,-60.838147217883545,2.3399287391492862,true,
436.21177017106174,280.08413820730715,-94.26259974591746,1.9040857008496757,false,
264.22700784358346,282.42406694645655,-92.24499355386664,-0.48124154104934586,false,
172.96978701675818,281.25410257688185,-68.96226949470119,-12.395201657544508,false,
62.993136276738035,230.94563468517052,-10.529679326172143,-46.798574782987316,true,
58.31327879843931,154.89795066281619,-2.3534837530948662,-51.08917124846937,false,
55.97335005928995,77.68030227088713,1.1699643695746715,-76.04768402235436,true,
